function density = Nominal_Density
density=[0 1.225 7.249;
25 3.899*10^(-2) 6.349;
30 1.774*10^(-2) 6.682;
40 3.972*10^(-3) 7.554;
50 1.057*10^(-3) 8.382;
60 3.206*10^(-4) 7.714;
70 8.770*10^(-5) 6.549;
80 1.905*10^(-5) 5.799;
90 3.396*10^(-6) 5.382;
100 5.297*10^(-7) 5.877;
110 9.661*10^(-8) 7.263;
120 2.438*10^(-8) 9.473;
130 8.484*10^(-9) 12.636;
140 3.845*10^(-9) 16.149;
150 2.070*10^(-9) 22.523;
180 5.464*10^(-10) 29.740;
200 2.789*10^(-10) 37.105;
250 7.248*10^(-11) 45.546;
300 2.418*10^(-11) 53.628;
350 9.158*10^(-12) 53.298;
400 3.725*10^(-12) 58.515;
450 1.585*10^(-12) 60.828;
500 6.967*10^(-13) 63.822;
600 1.454*10^(-13) 71.835;
700 3.614*10^(-14) 88.667;
800 1.170*10^(-14) 124.63;
900 5.245*10^(-15) 181.05;
1000 3.019*10^(-15) 268];
